37 60 38 61 0.33932300
37 60 37 62 0.50581400
37 60 39 60 0.01071110
43 56 43 57 0.00169075
43 54 46 54 0.00130701
43 54 45 55 0.18832800
43 54 44 56 0.75271700
43 54 43 57 0.01506720
43 53 45 55 0.01959350
44 51 46 53 0.00151630
46 51 46 54 0.00976921
46 51 46 53 0.00126364
46 51 47 52 0.00773876
46 51 47 53 0.48414000
46 50 47 52 0.02033560
34 63 35 64 0.44751000
34 63 36 63 0.00716339
38 59 38 61 0.36243400
38 59 40 59 0.01053640
38 59 39 60 0.47374900
42 55 44 56 0.19450500
42 55 42 58 0.01042270
42 55 43 57 0.74706000
42 55 45 55 0.00104540
41 55 43 57 0.00519972
40 57 40 59 0.49782100
40 57 43 57 0.00149651
40 57 42 58 0.08651670
35 62 37 62 0.01063990
35 62 35 64 0.35015000
35 62 36 63 0.47158700
45 54 45 55 0.00174538
45 53 46 54 0.01522200
45 53 45 55 0.00473204
45 53 47 54 0.02022690
45 50 47 52 0.00551997
45 52 45 55 0.01488000
45 52 46 53 0.00588199
45 52 46 54 0.71814900
45 52 47 54 0.04535250
45 52 47 53 0.11426300
45 51 46 53 0.00230775
45 51 47 52 0.00085007
45 51 47 53 0.02002270
39 58 42 58 0.00148066
39 58 39 60 0.49926800
39 58 40 60 0.00154516
39 58 40 59 0.46600800
31 66 33 66 0.00456802
33 64 35 64 0.01069410
33 64 33 65 0.47415300
33 64 33 66 0.29907400
36 61 38 61 0.00769198
36 61 36 63 0.47484900
36 61 37 62 0.47344500
