     0 1026908 990424 1040127 984004 937959 
1026908      0 1056674 1114358 1014886 990874 
990424 1056674      0 1035184 954163 932890 
1040127 1114358 1035184      0 1000720 971166 
984004 1014886 954163 1000720      0 996517 
937959 990874 932890 971166 996517      0 
