     0 891433 946110 1017345 1069809 1033112 
891433      0 865408 980452 892334 950177 
946110 865408      0 1004854 948926 1019867 
1017345 980452 1004854      0 1019123 1093199 
1069809 892334 948926 1019123      0 1034225 
1033112 950177 1019867 1093199 1034225      0 
