     0 1042254 1066133 1053244 1038170 1041446 
1042254      0 1070279 1057844 1045368 1042518 
1066133 1070279      0 1086412 1052238 1067130 
1053244 1057844 1086412      0 1047353 1054235 
1038170 1045368 1052238 1047353      0 1028058 
1041446 1042518 1067130 1054235 1028058      0 
