     0 822840 793835 829510 857601 903544 
822840      0 863047 892047 839822 885489 
793835 863047      0 884895 815196 874340 
829510 892047 884895      0 839096 888592 
857601 839822 815196 839096      0 918466 
903544 885489 874340 888592 918466      0 
