     0 1093178 1099870 1109000 1116328 1054555 
1093178      0 1183097 1110272 1112638 1121678 
1099870 1183097      0 1111171 1122505 1136684 
1109000 1110272 1111171      0 1127282 1061505 
1116328 1112638 1122505 1127282      0 1089296 
1054555 1121678 1136684 1061505 1089296      0 
