     0 896480 780750 895837 1024067 958590 
896480      0 683486 907802 1011444 969561 
780750 683486      0 802722 906605 829234 
895837 907802 802722      0 1049451 962689 
1024067 1011444 906605 1049451      0 1093869 
958590 969561 829234 962689 1093869      0 
