     0 1209626 1097598 1051084 1094553 1106052 
1209626      0 1159546 1127182 1175178 1164358 
1097598 1159546      0 1063541 1071525 1092605 
1051084 1127182 1063541      0 1039472 1054483 
1094553 1175178 1071525 1039472      0 1073596 
1106052 1164358 1092605 1054483 1073596      0 
