     0 326025 275844 377709 349468 351995 
326025      0 844579 314497 746156 741486 
275844 844579      0 353832 792680 789679 
377709 314497 353832      0 400086 382007 
349468 746156 792680 400086      0 780638 
351995 741486 789679 382007 780638      0 
