     0 995636 888259 950774 1004437 916910 
995636      0 1064724 1079150 1107259 1018376 
888259 1064724      0 1033105 1039682 973561 
950774 1079150 1033105      0 1126929 1006689 
1004437 1107259 1039682 1126929      0 1026433 
916910 1018376 973561 1006689 1026433      0 
