     0 949065 957833 937404 905564 875589 
949065      0 1031274 946539 921468 938537 
957833 1031274      0 952265 931955 940258 
937404 946539 952265      0 904026 870077 
905564 921468 931955 904026      0 822281 
875589 938537 940258 870077 822281      0 
