     0 1038062 1014685 1037374 997018 1004277 
1038062      0 1000228 1029328 968806 971021 
1014685 1000228      0 1000942 944096 948942 
1037374 1029328 1000942      0 968006 984817 
997018 968806 944096 968006      0 982754 
1004277 971021 948942 984817 982754      0 
