     0 1058962 996342 961404 1031743 974137 
1058962      0 994601 936162 1023253 977258 
996342 994601      0 924672 986519 929271 
961404 936162 924672      0 941813 903499 
1031743 1023253 986519 941813      0 974406 
974137 977258 929271 903499 974406      0 
