     0 677069 659159 640537 564020 637856 
677069      0 690508 690687 659962 699961 
659159 690508      0 787140 683230 779003 
640537 690687 787140      0 677716 765562 
564020 659962 683230 677716      0 697317 
637856 699961 779003 765562 697317      0 
