     0 850669 599759 896913 956095 890744 
850669      0 786525 1055297 865207 927759 
599759 786525      0 885135 608680 698160 
896913 1055297 885135      0 883922 965549 
956095 865207 608680 883922      0 896166 
890744 927759 698160 965549 896166      0 
