     0 1046237 1104623 998074 1015800 976439 
1046237      0 1119343 1012425 1028012 988922 
1104623 1119343      0 1086894 1100449 1048236 
998074 1012425 1086894      0 1034866 987350 
1015800 1028012 1100449 1034866      0 996583 
976439 988922 1048236 987350 996583      0 
