     0 1054063 1014320 1021140 1116541 1117565 
1054063      0 985171 989848 1080373 1087164 
1014320 985171      0 967352 1037208 1052267 
1021140 989848 967352      0 1032843 1055973 
1116541 1080373 1037208 1032843      0 1144741 
1117565 1087164 1052267 1055973 1144741      0 
