     0 1082428 1015345 1037019 1082103 1152920 
1082428      0 1018151 1044608 1093556 1154587 
1015345 1018151      0 1007337 1054299 1124153 
1037019 1044608 1007337      0 1070235 1122794 
1082103 1093556 1054299 1070235      0 1199164 
1152920 1154587 1124153 1122794 1199164      0 
