     0 1017273 1035626 990061 1034075 1028483 
1017273      0 1044251 991369 1005122 1014417 
1035626 1044251      0 1013465 1023273 1029468 
990061 991369 1013465      0 979906 963053 
1034075 1005122 1023273 979906      0 1014131 
1028483 1014417 1029468 963053 1014131      0 
