     0 1086086 1115901 1168225 1128717 1138805 
1086086      0 1079221 1135747 1080715 1096287 
1115901 1079221      0 1172538 1103702 1127687 
1168225 1135747 1172538      0 1158702 1185329 
1128717 1080715 1103702 1158702      0 1128328 
1138805 1096287 1127687 1185329 1128328      0 
