     0 1102266 1053526 970943 1117470 1046354 
1102266      0 1048844 1007377 1097450 1058107 
1053526 1048844      0 977024 1069855 1024506 
970943 1007377 977024      0 1019421 972203 
1117470 1097450 1069855 1019421      0 1059132 
1046354 1058107 1024506 972203 1059132      0 
