     0 1008709 1019111 1009786 1061421 1048128 
1008709      0 1028407 1033836 1092240 1051515 
1019111 1028407      0 1041021 1086654 1069343 
1009786 1033836 1041021      0 1082097 1047162 
1061421 1092240 1086654 1082097      0 1134131 
1048128 1051515 1069343 1047162 1134131      0 
