     0 446141 449705 446798 463197 487682 
446141      0 484394 477298 365645 520027 
449705 484394      0 783627 776507 790136 
446798 477298 783627      0 773715 788007 
463197 365645 776507 773715      0 797395 
487682 520027 790136 788007 797395      0 
