     0 705549 650725 654052 562138 638501 
705549      0 624034 629522 531575 624468 
650725 624034      0 758992 684929 738482 
654052 629522 758992      0 689591 748767 
562138 531575 684929 689591      0 719454 
638501 624468 738482 748767 719454      0 
