     0 1064010 1066207 1065919 1089165 1066897 
1064010      0 1134410 1119174 1158518 1127994 
1066207 1134410      0 1113216 1159220 1122847 
1065919 1119174 1113216      0 1129271 1114106 
1089165 1158518 1159220 1129271      0 1189485 
1066897 1127994 1122847 1114106 1189485      0 
