     0 906218 851812 969660 1001774 999645 
906218      0 916983 1000871 1016707 1012961 
851812 916983      0 956763 969809 934182 
969660 1000871 956763      0 1065119 1054460 
1001774 1016707 969809 1065119      0 1090754 
999645 1012961 934182 1054460 1090754      0 
