     0 1022320 1046169 992503 1104921 964881 
1022320      0 1018278 958029 1060093 961330 
1046169 1018278      0 998626 1075918 949798 
992503 958029 998626      0 1013014 864787 
1104921 1060093 1075918 1013014      0 1003918 
964881 961330 949798 864787 1003918      0 
