     0 1069399 1110772 1131475 1120983 1112651 
1069399      0 1096147 1118554 1105891 1080164 
1110772 1096147      0 1169932 1189413 1154150 
1131475 1118554 1169932      0 1210742 1239741 
1120983 1105891 1189413 1210742      0 1187145 
1112651 1080164 1154150 1239741 1187145      0 
