     0 1130139 1016348 1014459 1137646 1027147 
1130139      0 963889 973539 1027235 998606 
1016348 963889      0 897760 960717 908800 
1014459 973539 897760      0 958049 913233 
1137646 1027235 960717 958049      0 987087 
1027147 998606 908800 913233 987087      0 
