     0 1011000 1023046 1017872 1130397 974615 
1011000      0 1034031 1035201 1138037 987170 
1023046 1034031      0 1057035 1150123 989412 
1017872 1035201 1057035      0 1153283 1009175 
1130397 1138037 1150123 1153283      0 1122351 
974615 987170 989412 1009175 1122351      0 
