     0 664901 660673 737430 817150 828107 
664901      0 755953 693525 607992 693796 
660673 755953      0 686845 628908 654719 
737430 693525 686845      0 754708 743663 
817150 607992 628908 754708      0 807247 
828107 693796 654719 743663 807247      0 
