     0 990661 919665 987043 831370 947099 
990661      0 981076 1123098 968383 1072459 
919665 981076      0 992352 885167 951555 
987043 1123098 992352      0 997540 1064570 
831370 968383 885167 997540      0 953097 
947099 1072459 951555 1064570 953097      0 
