     0 950892 765368 953644 1000561 999908 
950892      0 840859 1013450 989912 1043092 
765368 840859      0 861698 809182 884478 
953644 1013450 861698      0 991454 1072871 
1000561 989912 809182 991454      0 1040207 
999908 1043092 884478 1072871 1040207      0 
