     0 937501 1010095 1004084 956739 1026245 
937501      0 966930 955124 845085 959826 
1010095 966930      0 1035882 958151 1032928 
1004084 955124 1035882      0 956294 1028002 
956739 845085 958151 956294      0 979199 
1026245 959826 1032928 1028002 979199      0 
