     0 1031804 1091131 1078506 1087040 1120581 
1031804      0 1178879 1122411 1142779 1193494 
1091131 1178879      0 1174020 1184818 1243687 
1078506 1122411 1174020      0 1166273 1208909 
1087040 1142779 1184818 1166273      0 1294535 
1120581 1193494 1243687 1208909 1294535      0 
