     0 908786 958945 891170 923308 942954 
908786      0 931006 854836 891264 912121 
958945 931006      0 965046 966829 998202 
891170 854836 965046      0 930384 930051 
923308 891264 966829 930384      0 955827 
942954 912121 998202 930051 955827      0 
