     0 923754 917562 990344 915612 927452 
923754      0 907161 983162 909356 913552 
917562 907161      0 953191 881532 930873 
990344 983162 953191      0 1014831 957338 
915612 909356 881532 1014831      0 950788 
927452 913552 930873 957338 950788      0 
