     0 1090775 1041438 1051523 1051570 1080127 
1090775      0 1114960 1133430 1095278 1115617 
1041438 1114960      0 1057669 1041373 1059641 
1051523 1133430 1057669      0 1049574 1069429 
1051570 1095278 1041373 1049574      0 1073034 
1080127 1115617 1059641 1069429 1073034      0 
