     0 1023559 1029319 1037849 1054129 1009178 
1023559      0 1067290 1033065 1091344 1040612 
1029319 1067290      0 1016245 1075362 1035216 
1037849 1033065 1016245      0 1051134 1010814 
1054129 1091344 1075362 1051134      0 1052577 
1009178 1040612 1035216 1010814 1052577      0 
