     0 1067573 1063765 1049841 1026754 1078049 
1067573      0 1071206 1059792 1040167 1091862 
1063765 1071206      0 1041248 1035746 1090835 
1049841 1059792 1041248      0 1014347 1058017 
1026754 1040167 1035746 1014347      0 1073779 
1078049 1091862 1090835 1058017 1073779      0 
