     0 1125663 1047392 1059373 1204651 1070270 
1125663      0 1044157 1041176 1198844 1057927 
1047392 1044157      0 1079856 1183304 1062968 
1059373 1041176 1079856      0 1180964 1066641 
1204651 1198844 1183304 1180964      0 1174961 
1070270 1057927 1062968 1066641 1174961      0 
