     0 1338767 1277476 1234002 1259885 1327296 
1338767      0 1267471 1227027 1266129 1334904 
1277476 1267471      0 1167259 1189776 1261915 
1234002 1227027 1167259      0 1158222 1222656 
1259885 1266129 1189776 1158222      0 1252420 
1327296 1334904 1261915 1222656 1252420      0 
