     0 1106721 1040538 1055748 1092422 1122113 
1106721      0 1049852 1079441 1105051 1139080 
1040538 1049852      0 1022466 1051919 1074496 
1055748 1079441 1022466      0 1080032 1099819 
1092422 1105051 1051919 1080032      0 1129729 
1122113 1139080 1074496 1099819 1129729      0 
