     0 1058294 973450 1087994 1007347 1000488 
1058294      0 1097869 1233596 1066555 1077119 
973450 1097869      0 1140526 981565 992193 
1087994 1233596 1140526      0 1100744 1110410 
1007347 1066555 981565 1100744      0 1002575 
1000488 1077119 992193 1110410 1002575      0 
