     0 905369 920845 1017514 957591 864898 
905369      0 986530 1029008 957949 852903 
920845 986530      0 1043660 974104 866533 
1017514 1029008 1043660      0 1077834 964452 
957591 957949 974104 1077834      0 909339 
864898 852903 866533 964452 909339      0 
