     0 767277 653227 626150 577290 705192 
767277      0 672667 663168 538513 705483 
653227 672667      0 817674 675034 869149 
626150 663168 817674      0 672362 857930 
577290 538513 675034 672362      0 745311 
705192 705483 869149 857930 745311      0 
