     0 1045978 1058071 1030797 1079297 1067374 
1045978      0 1086346 1050435 1048936 1030978 
1058071 1086346      0 1053361 1057742 1046408 
1030797 1050435 1053361      0 1032127 1026564 
1079297 1048936 1057742 1032127      0 1067357 
1067374 1030978 1046408 1026564 1067357      0 
