     0 1036756 1060051 971284 982752 944871 
1036756      0 1047847 960396 973009 905432 
1060051 1047847      0 1015136 1026059 974453 
971284 960396 1015136      0 965421 907689 
982752 973009 1026059 965421      0 918113 
944871 905432 974453 907689 918113      0 
