     0 1033852 1030917 979803 1030261 1008581 
1033852      0 1081846 1073044 1042673 1010364 
1030917 1081846      0 1029896 1032912 1003631 
979803 1073044 1029896      0 992377 962867 
1030261 1042673 1032912 992377      0 1012453 
1008581 1010364 1003631 962867 1012453      0 
