     0 859865 827486 862429 737423 917029 
859865      0 901804 915670 849921 989699 
827486 901804      0 895397 831540 923058 
862429 915670 895397      0 860204 955838 
737423 849921 831540 860204      0 885623 
917029 989699 923058 955838 885623      0 
