     0 874290 891358 856441 877457 894017 
874290      0 925249 888489 900315 908773 
891358 925249      0 927059 942913 952157 
856441 888489 927059      0 912834 910281 
877457 900315 942913 912834      0 933750 
894017 908773 952157 910281 933750      0 
