     0 1187661 1043535 1068644 1059842 1092178 
1187661      0 1003830 1033750 1037894 1058436 
1043535 1003830      0 956994 938813 974123 
1068644 1033750 956994      0 983141 1000499 
1059842 1037894 938813 983141      0 1008910 
1092178 1058436 974123 1000499 1008910      0 
