     0 1150295 1105574 1150640 1151219 1110625 
1150295      0 1104433 1148838 1165509 1119726 
1105574 1104433      0 1113373 1118161 1085355 
1150640 1148838 1113373      0 1159984 1135300 
1151219 1165509 1118161 1159984      0 1138032 
1110625 1119726 1085355 1135300 1138032      0 
