     0 541955 605956 592263 611622 499821 
541955      0 643676 643009 645442 551765 
605956 643676      0 813960 833845 757416 
592263 643009 813960      0 831077 762814 
611622 645442 833845 831077      0 810543 
499821 551765 757416 762814 810543      0 
