     0 1139373 1030790 1022486 1062920 1058212 
1139373      0 1110095 1113041 1184321 1143541 
1030790 1110095      0 1040122 1054589 1054793 
1022486 1113041 1040122      0 1060830 1060387 
1062920 1184321 1054589 1060830      0 1080775 
1058212 1143541 1054793 1060387 1080775      0 
