     0 1078620 1011264 993551 1072916 1050162 
1078620      0 1005240 989256 1062417 1042955 
1011264 1005240      0 993765 1036101 1022117 
993551 989256 993765      0 1019255 1007348 
1072916 1062417 1036101 1019255      0 1065731 
1050162 1042955 1022117 1007348 1065731      0 
