     0 1010412 1107637 948781 889716 899354 
1010412      0 1162673 983280 920177 949369 
1107637 1162673      0 1092434 1009305 1046525 
948781 983280 1092434      0 861938 866470 
889716 920177 1009305 861938      0 846803 
899354 949369 1046525 866470 846803      0 
