     0 576215 574012 577896 543035 529603 
576215      0 842112 811678 876638 928124 
574012 842112      0 858932 791738 892607 
577896 811678 858932      0 786990 888729 
543035 876638 791738 786990      0 884146 
529603 928124 892607 888729 884146      0 
