     0 825179 879170 878947 802064 812690 
825179      0 825370 915225 947354 886704 
879170 825370      0 879060 802210 812724 
878947 915225 879060      0 911948 870771 
802064 947354 802210 911948      0 931533 
812690 886704 812724 870771 931533      0 
