     0 569995 557693 521313 544124 480908 
569995      0 685334 682630 619094 514150 
557693 685334      0 736202 691454 602581 
521313 682630 736202      0 680274 600575 
544124 619094 691454 680274      0 634618 
480908 514150 602581 600575 634618      0 
