     0 475998 656182 564621 538189 713585 
475998      0 847170 776149 729833 889743 
656182 847170      0 887606 848043 1069412 
564621 776149 887606      0 839659 963198 
538189 729833 848043 839659      0 875977 
713585 889743 1069412 963198 875977      0 
