     0 1073736 986780 1009421 1035492 957655 
1073736      0 1001539 1006506 1044265 973978 
986780 1001539      0 964203 977764 923521 
1009421 1006506 964203      0 982741 924727 
1035492 1044265 977764 982741      0 943338 
957655 973978 923521 924727 943338      0 
