     0 989566 990762 983424 1015387 1033771 
989566      0 1014420 1016143 972474 1003077 
990762 1014420      0 1004983 974024 1001139 
983424 1016143 1004983      0 974024 984734 
1015387 972474 974024 974024      0 1012626 
1033771 1003077 1001139 984734 1012626      0 
