     0 471212 550916 650339 569315 577287 
471212      0 712845 519601 713418 712082 
550916 712845      0 570384 724605 727205 
650339 519601 570384      0 566766 596740 
569315 713418 724605 566766      0 775259 
577287 712082 727205 596740 775259      0 
