     0 837292 846521 815988 841913 779902 
837292      0 981471 805588 953914 879305 
846521 981471      0 879032 977146 915335 
815988 805588 879032      0 810842 805450 
841913 953914 977146 810842      0 886634 
779902 879305 915335 805450 886634      0 
