     0 1179453 1176297 1155656 1272839 1215616 
1179453      0 1071138 1044272 1131302 1094113 
1176297 1071138      0 1039205 1129732 1069753 
1155656 1044272 1039205      0 1107027 1063500 
1272839 1131302 1129732 1107027      0 1175659 
1215616 1094113 1069753 1063500 1175659      0 
