     0 1103971 1089556 1021675 1024669 1048367 
1103971      0 1148058 1073982 1086148 1109764 
1089556 1148058      0 1064148 1063249 1074902 
1021675 1073982 1064148      0 1059959 1070310 
1024669 1086148 1063249 1059959      0 1076456 
1048367 1109764 1074902 1070310 1076456      0 
