     0 518984 525533 489758 701696 699245 
518984      0 583425 655160 538140 546716 
525533 583425      0 596430 519231 519234 
489758 655160 596430      0 539520 520839 
701696 538140 519231 539520      0 722701 
699245 546716 519234 520839 722701      0 
