     0 1066972 989555 940527 938221 867606 
1066972      0 1134577 1077059 1073256 987895 
989555 1134577      0 1026345 1016195 921337 
940527 1077059 1026345      0 974009 908419 
938221 1073256 1016195 974009      0 890503 
867606 987895 921337 908419 890503      0 
