     0 585727 569404 577947 633368 671990 
585727      0 872540 806113 826364 877443 
569404 872540      0 797771 818755 874979 
577947 806113 797771      0 808421 906159 
633368 826364 818755 808421      0 923659 
671990 877443 874979 906159 923659      0 
