     0 528257 568839 563817 517162 608819 
528257      0 761682 800041 852262 813216 
568839 761682      0 882019 883906 886109 
563817 800041 882019      0 881710 878270 
517162 852262 883906 881710      0 916995 
608819 813216 886109 878270 916995      0 
