     0 1007438 970270 964496 1062910 798241 
1007438      0 938626 924962 1008461 712154 
970270 938626      0 1044926 1117088 833713 
964496 924962 1044926      0 1106258 828078 
1062910 1008461 1117088 1106258      0 917385 
798241 712154 833713 828078 917385      0 
