     0 1037303 1117235 1052123 1169001 1188918 
1037303      0 1025659 1006591 1053887 1089956 
1117235 1025659      0 1045605 1131313 1158984 
1052123 1006591 1045605      0 1088496 1117933 
1169001 1053887 1131313 1088496      0 1249869 
1188918 1089956 1158984 1117933 1249869      0 
