     0 1055139 976827 1027950 967901 983897 
1055139      0 1072568 1133464 1009588 1060369 
976827 1072568      0 1044920 932221 953579 
1027950 1133464 1044920      0 994606 1042910 
967901 1009588 932221 994606      0 939722 
983897 1060369 953579 1042910 939722      0 
