     0 1085486 1007656 1021111 1048472 1025630 
1085486      0 929853 943277 970769 952839 
1007656 929853      0 954277 957695 943226 
1021111 943277 954277      0 973236 957337 
1048472 970769 957695 973236      0 970068 
1025630 952839 943226 957337 970068      0 
