     0 672427 767986 795436 834568 838696 
672427      0 806949 750773 721088 789198 
767986 806949      0 855638 839728 806666 
795436 750773 855638      0 859075 852179 
834568 721088 839728 859075      0 846838 
838696 789198 806666 852179 846838      0 
