     0 527186 490190 531855 571067 594084 
527186      0 644114 568611 589618 543583 
490190 644114      0 562915 553656 515868 
531855 568611 562915      0 549786 545407 
571067 589618 553656 549786      0 590515 
594084 543583 515868 545407 590515      0 
