     0 1012014 942016 823973 1016265 918735 
1012014      0 989831 859751 1082162 987131 
942016 989831      0 910740 1071541 976755 
823973 859751 910740      0 950154 881628 
1016265 1082162 1071541 950154      0 1057180 
918735 987131 976755 881628 1057180      0 
