     0 857344 885305 841222 924303 965706 
857344      0 944595 884967 857543 931913 
885305 944595      0 898673 888219 959200 
841222 884967 898673      0 845835 917673 
924303 857543 888219 845835      0 966104 
965706 931913 959200 917673 966104      0 
