     0 1048975 1063956 986640 915876 973926 
1048975      0 1149285 1065342 1007191 1068841 
1063956 1149285      0 1071994 997825 1072753 
986640 1065342 1071994      0 941457 1010749 
915876 1007191 997825 941457      0 951023 
973926 1068841 1072753 1010749 951023      0 
