     0 590199 570940 579899 534803 540998 
590199      0 655361 662744 731563 744310 
570940 655361      0 840839 835071 810493 
579899 662744 840839      0 829203 809583 
534803 731563 835071 829203      0 856200 
540998 744310 810493 809583 856200      0 
