     0 1048050 961545 1031345 1016366 1019605 
1048050      0 1027523 1118194 1048050 1054871 
961545 1027523      0 1004343 961545 966220 
1031345 1118194 1004343      0 1031345 1033736 
1016366 1048050 961545 1031345      0 1019605 
1019605 1054871 966220 1033736 1019605      0 
