     0 745318 772913 530551 822388 742305 
745318      0 894306 712418 778658 741424 
772913 894306      0 720038 783982 724249 
530551 712418 720038      0 571867 505215 
822388 778658 783982 571867      0 761220 
742305 741424 724249 505215 761220      0 
