     0 1162409 1214665 1159873 1242242 1194395 
1162409      0 1139337 1095939 1144833 1104976 
1214665 1139337      0 1135106 1196625 1158809 
1159873 1095939 1135106      0 1141550 1106705 
1242242 1144833 1196625 1141550      0 1182332 
1194395 1104976 1158809 1106705 1182332      0 
