     0 1238660 1062163 1065358 1123582 1056237 
1238660      0 1079714 1083511 1137177 1073651 
1062163 1079714      0 993886 1037971 982319 
1065358 1083511 993886      0 1044465 984444 
1123582 1137177 1037971 1044465      0 1027469 
1056237 1073651 982319 984444 1027469      0 
