     0 581722 628757 624953 540369 534293 
581722      0 701138 690040 602451 580993 
628757 701138      0 715418 645017 626359 
624953 690040 715418      0 627912 630007 
540369 602451 645017 627912      0 627557 
534293 580993 626359 630007 627557      0 
