     0 748043 799308 905948 872898 833710 
748043      0 887443 900073 917315 865342 
799308 887443      0 901567 926546 887940 
905948 900073 901567      0 977155 927251 
872898 917315 926546 977155      0 954767 
833710 865342 887940 927251 954767      0 
