     0 876414 869899 899147 886512 925797 
876414      0 922527 958401 872193 955708 
869899 922527      0 948767 874162 939645 
899147 958401 948767      0 896276 980759 
886512 872193 874162 896276      0 922621 
925797 955708 939645 980759 922621      0 
