     0 1259739 1321395 1287878 1371995 1248584 
1259739      0 1236897 1217707 1274541 1174665 
1321395 1236897      0 1269663 1340364 1242759 
1287878 1217707 1269663      0 1303974 1209498 
1371995 1274541 1340364 1303974      0 1262362 
1248584 1174665 1242759 1209498 1262362      0 
