     0 761964 828695 741425 885063 639391 
761964      0 972294 967586 1105309 903650 
828695 972294      0 948878 1101401 858655 
741425 967586 948878      0 1060676 867472 
885063 1105309 1101401 1060676      0 987870 
639391 903650 858655 867472 987870      0 
