     0 612595 700578 592426 652337 432500 
612595      0 1051890 1028141 1092825 962234 
700578 1051890      0 1041587 1117992 941076 
592426 1028141 1041587      0 1079594 946639 
652337 1092825 1117992 1079594      0 1034715 
432500 962234 941076 946639 1034715      0 
