     0 786651 702445 720131 748288 823231 
786651      0 803562 809954 791808 873355 
702445 803562      0 979828 934436 1004206 
720131 809954 979828      0 937614 1004336 
748288 791808 934436 937614      0 1045494 
823231 873355 1004206 1004336 1045494      0 
