     0 687274 571710 586501 608775 577269 
687274      0 632701 680791 670364 593004 
571710 632701      0 789017 757304 730779 
586501 680791 789017      0 812584 780604 
608775 670364 757304 812584      0 795934 
577269 593004 730779 780604 795934      0 
