     0 1055856 1131299 1109632 1150785 1154016 
1055856      0 1002365 984862 1012900 1022941 
1131299 1002365      0 1050014 1079194 1087128 
1109632 984862 1050014      0 1071360 1074216 
1150785 1012900 1079194 1071360      0 1099779 
1154016 1022941 1087128 1074216 1099779      0 
