     0 956407 979826 1005590 1035511 1067586 
956407      0 868016 864367 899850 875694 
979826 868016      0 880683 921494 893226 
1005590 864367 880683      0 940845 875027 
1035511 899850 921494 940845      0 935078 
1067586 875694 893226 875027 935078      0 
