     0 567088 500442 519235 465177 493834 
567088      0 525897 509688 413889 472717 
500442 525897      0 665999 643247 657157 
519235 509688 665999      0 668728 689615 
465177 413889 643247 668728      0 671590 
493834 472717 657157 689615 671590      0 
