     0 533309 563255 434437 607900 566349 
533309      0 600651 420127 547582 560422 
563255 600651      0 546478 577497 659907 
434437 420127 546478      0 442717 474461 
607900 547582 577497 442717      0 601779 
566349 560422 659907 474461 601779      0 
