     0 555181 416003 504250 534480 593709 
555181      0 497212 549786 519040 618752 
416003 497212      0 678491 715640 762162 
504250 549786 678491      0 679546 788217 
534480 519040 715640 679546      0 820882 
593709 618752 762162 788217 820882      0 
