     0 981675 1031712 1011209 1030165 1016537 
981675      0 1133187 944259 1089381 1089056 
1031712 1133187      0 1012147 1166047 1149387 
1011209 944259 1012147      0 1017642 993570 
1030165 1089381 1166047 1017642      0 1133305 
1016537 1089056 1149387 993570 1133305      0 
