     0 1103639 915031 923258 924433 952478 
1103639      0 1055805 1051919 1046044 1085204 
915031 1055805      0 958596 935984 970418 
923258 1051919 958596      0 941864 966130 
924433 1046044 935984 941864      0 955552 
952478 1085204 970418 966130 955552      0 
