     0 1055286 1036847 1033955 1019637 1027684 
1055286      0 1057389 1046343 1017477 1049349 
1036847 1057389      0 1076676 1043862 1052791 
1033955 1046343 1076676      0 1034992 1044620 
1019637 1017477 1043862 1034992      0 1054655 
1027684 1049349 1052791 1044620 1054655      0 
