     0 932392 756272 841246 778006 871551 
932392      0 1005626 1034122 1013661 1069700 
756272 1005626      0 898357 895385 931608 
841246 1034122 898357      0 907680 966838 
778006 1013661 895385 907680      0 952946 
871551 1069700 931608 966838 952946      0 
