     0 434815 408944 493448 604181 647602 
434815      0 530089 577230 475934 511022 
408944 530089      0 557328 403810 424304 
493448 577230 557328      0 422858 501700 
604181 475934 403810 422858      0 630702 
647602 511022 424304 501700 630702      0 
