     0 599675 586377 519081 591718 683595 
599675      0 496996 498585 555599 638929 
586377 496996      0 729693 675622 745909 
519081 498585 729693      0 660645 736150 
591718 555599 675622 660645      0 812516 
683595 638929 745909 736150 812516      0 
