     0 565657 691729 607924 697056 684781 
565657      0 865808 802058 815128 791408 
691729 865808      0 861704 881339 832167 
607924 802058 861704      0 824879 715135 
697056 815128 881339 824879      0 884372 
684781 791408 832167 715135 884372      0 
