     0 1004923 901422 795223 921105 759011 
1004923      0 1078109 1021814 1165366 1012317 
901422 1078109      0 911771 1036495 888172 
795223 1021814 911771      0 971620 882802 
921105 1165366 1036495 971620      0 948735 
759011 1012317 888172 882802 948735      0 
