     0 1226907 1116116 1111753 1036191 1228198 
1226907      0 1127972 1133595 1020656 1230061 
1116116 1127972      0 1054071 969027 1119752 
1111753 1133595 1054071      0 961898 1121325 
1036191 1020656 969027 961898      0 1024512 
1228198 1230061 1119752 1121325 1024512      0 
