     0 1007664 989331 1058328 997975 993634 
1007664      0 934780 981216 932823 930191 
989331 934780      0 972416 918675 936050 
1058328 981216 972416      0 971883 1003661 
997975 932823 918675 971883      0 936880 
993634 930191 936050 1003661 936880      0 
