     0 1070386 1091226 1117365 1209508 1072072 
1070386      0 1033355 1081809 1123194 1013729 
1091226 1033355      0 1083280 1136144 1050637 
1117365 1081809 1083280      0 1172369 1071105 
1209508 1123194 1136144 1172369      0 1134328 
1072072 1013729 1050637 1071105 1134328      0 
