     0 1037143 1081185 1048160 1113976 1129935 
1037143      0 1063425 1018780 1049103 1088335 
1081185 1063425      0 1061957 1099776 1135207 
1048160 1018780 1061957      0 1065862 1099601 
1113976 1049103 1099776 1065862      0 1141918 
1129935 1088335 1135207 1099601 1141918      0 
