     0 1056502 1050688 1009417 1126393 1063607 
1056502      0 1075375 1032613 1203919 1140908 
1050688 1075375      0 1023003 1152175 1094528 
1009417 1032613 1023003      0 1155688 1070431 
1126393 1203919 1152175 1155688      0 1244041 
1063607 1140908 1094528 1070431 1244041      0 
