     0 1071537 1076939 1079875 1091695 1079770 
1071537      0 1040136 1048595 1019303 1023283 
1076939 1040136      0 1059524 1036385 1033969 
1079875 1048595 1059524      0 1041568 1037763 
1091695 1019303 1036385 1041568      0 1034488 
1079770 1023283 1033969 1037763 1034488      0 
