     0 1090845 1084959 1125025 1209408 1160975 
1090845      0 1085697 1116298 1211865 1153125 
1084959 1085697      0 1123507 1206730 1141394 
1125025 1116298 1123507      0 1253803 1190231 
1209408 1211865 1206730 1253803      0 1286335 
1160975 1153125 1141394 1190231 1286335      0 
