     0 917830 970249 968679 948299 964501 
917830      0 968736 987850 872422 900261 
970249 968736      0 1034884 927905 971454 
968679 987850 1034884      0 932455 954774 
948299 872422 927905 932455      0 944387 
964501 900261 971454 954774 944387      0 
