     0 1192143 1109872 1112594 1134456 1151409 
1192143      0 1153461 1163447 1188488 1205060 
1109872 1153461      0 1098939 1115381 1148363 
1112594 1163447 1098939      0 1114126 1138757 
1134456 1188488 1115381 1114126      0 1159114 
1151409 1205060 1148363 1138757 1159114      0 
