     0 601334 671408 654532 670637 699054 
601334      0 763100 739483 478316 535971 
671408 763100      0 804042 603870 609106 
654532 739483 804042      0 571017 610344 
670637 478316 603870 571017      0 613931 
699054 535971 609106 610344 613931      0 
