     0 1029807 1065950 1091470 999846 1062426 
1029807      0 992121 1035495 943113 1017817 
1065950 992121      0 1064782 956368 1034336 
1091470 1035495 1064782      0 995758 1072719 
999846 943113 956368 995758      0 984057 
1062426 1017817 1034336 1072719 984057      0 
