84 84 0.57980743
116 117 0.02172418
116 116 0.71395202
116 115 0.01401683
5 5 0.65206027
67 67 0.44010682
50 48 0.02546050
50 50 0.45155585
50 52 0.02692384
50 51 0.03844300
50 49 0.03589599
50 47 0.01590386
50 53 0.02332063
50 54 0.00140335
50 46 0.00495279
120 120 0.59326785
120 119 0.01830821
120 121 0.01275446
85 85 0.58217868
104 105 0.00144770
104 104 0.68374402
104 103 0.00110528
11 11 0.63456209
117 117 0.80138836
117 118 0.02315181
117 116 0.02172418
28 28 0.54149889
28 27 0.00073632
28 29 0.00051574
58 59 0.02138234
58 56 0.00105323
58 60 0.00256146
58 58 0.54438927
58 57 0.00691320
58 55 0.00092676
14 14 0.51177777
134 134 0.92949332
149 149 0.94101709
57 55 0.00646850
57 54 0.00566752
57 57 0.82195342
57 59 0.00114804
57 56 0.02858104
57 58 0.00691320
148 148 0.77143671
66 66 0.60617055
144 144 0.58207080
88 88 0.80375304
55 52 0.06943494
55 57 0.00646850
55 58 0.00092676
55 51 0.00163419
55 56 0.02388997
55 55 0.41510834
55 53 0.01893039
55 54 0.02133107
128 129 0.00107365
128 128 0.46652891
128 127 0.00712164
21 20 0.01230195
21 21 0.96183044
21 23 0.00052344
21 22 0.01071865
45 45 0.78845849
45 48 0.00572776
45 47 0.00873009
45 49 0.00284486
45 43 0.00106815
45 44 0.00438261
45 46 0.01077980
47 47 0.68687292
47 51 0.00124401
47 49 0.02049396
47 45 0.00873009
47 50 0.01590386
47 48 0.02637366
47 46 0.02180455
47 44 0.00103319
70 71 0.00090898
70 69 0.00080373
70 70 0.58577159
25 24 0.00407981
25 26 0.00266743
25 25 0.91291186
94 95 0.00406927
94 93 0.00261169
94 94 0.68353504
82 82 0.61993075
133 133 0.28269019
37 36 0.00229992
37 38 0.00359880
37 37 0.83582738
42 44 0.00103531
42 43 0.00362675
42 41 0.00165702
42 40 0.00056507
42 42 0.85613551
137 137 0.89221263
2 2 0.83000920
97 98 0.00371771
97 96 0.00375543
97 97 0.78110104
109 108 0.00654991
109 110 0.00868463
109 109 0.42748273
147 147 0.58222916
30 30 0.98648957
129 128 0.00107365
129 129 0.58679515
79 79 0.89540276
145 145 0.50234260
35 34 0.00129167
35 35 0.58383376
35 36 0.00204701
1 1 0.76342696
107 108 0.01235625
107 106 0.00943136
107 107 0.88723927
73 73 0.65016188
26 27 0.00181591
26 26 0.97232175
26 25 0.00266743
48 49 0.02939525
48 51 0.00864839
48 47 0.02637366
48 48 0.62500345
48 50 0.02546050
48 52 0.00111446
48 45 0.00572776
48 46 0.01478051
52 51 0.03262068
52 49 0.02059682
52 56 0.00086606
52 48 0.00111446
52 52 0.39265275
52 50 0.02692384
52 54 0.03051928
52 53 0.01962919
52 55 0.06943494
87 87 0.85483673
101 102 0.00362854
101 101 0.64068816
101 100 0.00433761
83 83 0.65086379
139 139 0.66581451
78 78 0.83997249
146 146 0.70179419
43 43 0.83545397
43 44 0.00466731
43 45 0.00106815
43 42 0.00362675
43 41 0.00091537
9 9 0.79730418
32 33 0.00067005
32 32 0.60837914
24 23 0.00676606
24 24 0.96186880
24 25 0.00407981
4 4 0.64736012
44 44 0.80093065
44 46 0.00186265
44 43 0.00466731
44 47 0.00103319
44 42 0.00103531
44 45 0.00438261
81 81 0.40837426
125 124 0.01259923
125 126 0.01343575
125 125 0.88690421
143 143 0.58179527
98 97 0.00371771
98 99 0.00398619
98 98 0.88540329
18 17 0.00344344
18 18 0.50880014
18 19 0.00681086
119 119 0.68034890
119 120 0.01830821
119 118 0.01774375
51 49 0.02286597
51 51 0.39556425
51 47 0.00124401
51 48 0.00864839
51 50 0.03844300
51 52 0.03262068
51 54 0.06661857
51 53 0.02460587
51 55 0.00163419
138 138 0.80373447
65 65 0.61949647
13 13 0.80069768
69 69 0.50093061
69 70 0.00080373
127 128 0.00712164
127 127 0.64777287
127 126 0.01435868
34 34 0.69311702
34 35 0.00129167
34 33 0.00124358
131 131 0.37876861
6 6 0.64947210
74 74 0.85684680
115 116 0.01401683
115 115 0.80774873
115 114 0.01825327
64 64 0.65568551
64 62 0.00257214
64 63 0.00061126
105 106 0.00652074
105 104 0.00144770
105 105 0.86049987
114 115 0.01825327
114 114 0.75841566
114 113 0.01580182
123 124 0.01331248
123 123 0.90974962
123 122 0.01327779
118 119 0.01774375
118 117 0.02315181
118 118 0.65753626
130 130 0.36620499
100 100 0.73948532
100 99 0.00078347
100 101 0.00433761
72 71 0.00101194
72 72 0.70799825
17 18 0.00344344
17 16 0.00109092
17 17 0.50616006
54 51 0.06661857
54 56 0.01362519
54 52 0.03051928
54 50 0.00140335
54 57 0.00566752
54 54 0.42947047
54 55 0.02133107
54 53 0.01333035
99 98 0.00398619
99 99 0.85353124
99 100 0.00078347
27 26 0.00181591
27 27 0.67297360
27 28 0.00073632
77 77 0.78248026
56 53 0.02168477
56 55 0.02388997
56 54 0.01362519
56 57 0.02858104
56 52 0.00086606
56 56 0.75730453
56 58 0.00105323
110 109 0.00868463
110 110 0.49339412
110 111 0.00132345
39 38 0.00068716
39 40 0.00066848
39 39 0.79409959
142 142 0.39576722
89 89 0.67409225
29 28 0.00051574
29 29 0.61769394
112 113 0.01548278
112 111 0.01067732
112 112 0.58579665
80 80 0.51210013
113 113 0.80528937
113 112 0.01548278
113 114 0.01580182
135 135 0.87482177
22 23 0.00936612
22 21 0.01071865
22 20 0.00055076
22 22 0.96466524
68 68 0.51195034
126 125 0.01343575
126 126 0.93111184
126 127 0.01435868
12 12 0.77833104
140 140 0.65503244
61 61 0.96792943
61 59 0.00197728
61 63 0.00482066
61 60 0.00421462
61 62 0.00109575
96 97 0.00375543
96 95 0.00382432
96 96 0.74322827
20 20 0.65882908
20 21 0.01230195
20 19 0.01207850
20 22 0.00055076
124 125 0.01259923
124 123 0.01331248
124 124 0.87765058
92 92 0.60367565
23 23 0.96798889
23 21 0.00052344
23 24 0.00676606
23 22 0.00936612
31 31 0.67102842
103 102 0.00185142
103 104 0.00110528
103 103 0.65877861
8 8 0.60021175
36 36 0.69638287
36 37 0.00229992
36 35 0.00204701
86 86 0.69818175
136 136 0.87963244
121 121 0.51379093
121 122 0.01257685
121 120 0.01275446
76 76 0.82607467
122 121 0.01257685
122 123 0.01327779
122 122 0.51512114
93 93 0.67919962
93 94 0.00261169
141 141 0.50558997
71 70 0.00090898
71 71 0.58990645
71 72 0.00101194
53 50 0.02332063
53 52 0.01962919
53 56 0.02168477
53 51 0.02460587
53 49 0.00153828
53 55 0.01893039
53 53 0.33545057
53 54 0.01333035
7 7 0.61092666
95 95 0.69211786
95 96 0.00382432
95 94 0.00406927
102 102 0.62337628
102 101 0.00362854
102 103 0.00185142
38 39 0.00068716
38 38 0.89559534
38 37 0.00359880
41 40 0.00110814
41 41 0.79031230
41 42 0.00165702
41 43 0.00091537
3 3 0.75455789
33 33 0.60223279
33 32 0.00067005
33 34 0.00124358
59 58 0.02138234
59 60 0.02107113
59 59 0.54577943
59 57 0.00114804
59 61 0.00197728
63 64 0.00061126
63 61 0.00482066
63 62 0.00081884
63 63 0.52911184
111 112 0.01067732
111 110 0.00132345
111 111 0.58334126
60 61 0.00421462
60 59 0.02107113
60 58 0.00256146
60 62 0.00518729
60 60 0.60898879
46 48 0.01478051
46 45 0.01077980
46 50 0.00495279
46 49 0.01072946
46 47 0.02180455
46 46 0.74534279
46 44 0.00186265
15 15 0.49799928
15 16 0.00067984
10 10 0.70763889
19 19 0.66187064
19 18 0.00681086
19 20 0.01207850
90 90 0.74524741
91 91 0.78287881
132 132 0.42176773
108 108 0.86729162
108 109 0.00654991
108 107 0.01235625
49 47 0.02049396
49 49 0.40162448
49 51 0.02286597
49 52 0.02059682
49 45 0.00284486
49 50 0.03589599
49 48 0.02939525
49 46 0.01072946
49 53 0.00153828
16 16 0.48721321
16 15 0.00067984
16 17 0.00109092
40 42 0.00056507
40 39 0.00066848
40 40 0.91217374
40 41 0.00110814
106 107 0.00943136
106 105 0.00652074
106 106 0.84192330
75 75 0.74462930
62 63 0.00081884
62 62 0.59065735
62 60 0.00518729
62 61 0.00109575
62 64 0.00257214
