87 87 0.85483673
52 54 0.03051928
52 53 0.01962919
52 55 0.06943494
52 56 0.00086606
52 51 0.03262068
52 49 0.02059682
52 48 0.00111446
52 50 0.02692384
52 52 0.39265275
48 48 0.62500345
48 50 0.02546050
48 52 0.00111446
48 45 0.00572776
48 51 0.00864839
48 49 0.02939525
48 47 0.02637366
48 46 0.01478051
101 100 0.00433761
101 101 0.64068816
101 102 0.00362854
83 83 0.65086379
139 139 0.66581451
78 78 0.83997249
1 1 0.76342696
107 106 0.00943136
107 108 0.01235625
107 107 0.88723927
73 73 0.65016188
26 25 0.00266743
26 26 0.97232175
26 27 0.00181591
98 98 0.88540329
98 97 0.00371771
98 99 0.00398619
18 19 0.00681086
18 18 0.50880014
18 17 0.00344344
138 138 0.80373447
65 65 0.61949647
69 69 0.50093061
69 70 0.00080373
13 13 0.80069768
51 53 0.02460587
51 55 0.00163419
51 54 0.06661857
51 48 0.00864839
51 52 0.03262068
51 50 0.03844300
51 49 0.02286597
51 51 0.39556425
51 47 0.00124401
119 119 0.68034890
119 120 0.01830821
119 118 0.01774375
9 9 0.79730418
24 24 0.96186880
24 25 0.00407981
24 23 0.00676606
32 33 0.00067005
32 32 0.60837914
146 146 0.70179419
43 44 0.00466731
43 43 0.83545397
43 41 0.00091537
43 45 0.00106815
43 42 0.00362675
81 81 0.40837426
125 124 0.01259923
125 125 0.88690421
125 126 0.01343575
143 143 0.58179527
4 4 0.64736012
44 44 0.80093065
44 46 0.00186265
44 43 0.00466731
44 47 0.00103319
44 42 0.00103531
44 45 0.00438261
82 82 0.61993075
42 40 0.00056507
42 41 0.00165702
42 42 0.85613551
42 44 0.00103531
42 43 0.00362675
37 36 0.00229992
37 38 0.00359880
37 37 0.83582738
133 133 0.28269019
137 137 0.89221263
25 25 0.91291186
25 26 0.00266743
25 24 0.00407981
94 94 0.68353504
94 95 0.00406927
94 93 0.00261169
79 79 0.89540276
129 128 0.00107365
129 129 0.58679515
35 35 0.58383376
35 36 0.00204701
35 34 0.00129167
145 145 0.50234260
109 109 0.42748273
109 108 0.00654991
109 110 0.00868463
97 97 0.78110104
97 98 0.00371771
97 96 0.00375543
2 2 0.83000920
147 147 0.58222916
30 30 0.98648957
57 54 0.00566752
57 55 0.00646850
57 56 0.02858104
57 59 0.00114804
57 58 0.00691320
57 57 0.82195342
148 148 0.77143671
66 66 0.60617055
88 88 0.80375304
144 144 0.58207080
14 14 0.51177777
149 149 0.94101709
134 134 0.92949332
45 44 0.00438261
45 46 0.01077980
45 43 0.00106815
45 47 0.00873009
45 49 0.00284486
45 45 0.78845849
45 48 0.00572776
21 20 0.01230195
21 21 0.96183044
21 23 0.00052344
21 22 0.01071865
70 71 0.00090898
70 69 0.00080373
70 70 0.58577159
47 49 0.02049396
47 51 0.00124401
47 47 0.68687292
47 48 0.02637366
47 50 0.01590386
47 45 0.00873009
47 44 0.00103319
47 46 0.02180455
55 54 0.02133107
55 53 0.01893039
55 55 0.41510834
55 51 0.00163419
55 56 0.02388997
55 58 0.00092676
55 57 0.00646850
55 52 0.06943494
128 129 0.00107365
128 127 0.00712164
128 128 0.46652891
50 47 0.01590386
50 51 0.03844300
50 49 0.03589599
50 50 0.45155585
50 52 0.02692384
50 48 0.02546050
50 54 0.00140335
50 46 0.00495279
50 53 0.02332063
120 120 0.59326785
120 119 0.01830821
120 121 0.01275446
116 117 0.02172418
116 115 0.01401683
116 116 0.71395202
84 84 0.57980743
67 67 0.44010682
5 5 0.65206027
117 116 0.02172418
117 118 0.02315181
117 117 0.80138836
28 29 0.00051574
28 27 0.00073632
28 28 0.54149889
58 55 0.00092676
58 56 0.00105323
58 59 0.02138234
58 58 0.54438927
58 60 0.00256146
58 57 0.00691320
104 105 0.00144770
104 104 0.68374402
104 103 0.00110528
85 85 0.58217868
11 11 0.63456209
95 95 0.69211786
95 96 0.00382432
95 94 0.00406927
38 39 0.00068716
38 38 0.89559534
38 37 0.00359880
102 102 0.62337628
102 101 0.00362854
102 103 0.00185142
63 64 0.00061126
63 61 0.00482066
63 63 0.52911184
63 62 0.00081884
60 62 0.00518729
60 60 0.60898879
60 58 0.00256146
60 59 0.02107113
60 61 0.00421462
111 112 0.01067732
111 111 0.58334126
111 110 0.00132345
3 3 0.75455789
41 43 0.00091537
41 42 0.00165702
41 41 0.79031230
41 40 0.00110814
33 33 0.60223279
33 34 0.00124358
33 32 0.00067005
59 61 0.00197728
59 57 0.00114804
59 60 0.02107113
59 58 0.02138234
59 59 0.54577943
141 141 0.50558997
71 71 0.58990645
71 72 0.00101194
71 70 0.00090898
53 53 0.33545057
53 55 0.01893039
53 54 0.01333035
53 50 0.02332063
53 52 0.01962919
53 56 0.02168477
53 49 0.00153828
53 51 0.02460587
7 7 0.61092666
108 107 0.01235625
108 109 0.00654991
108 108 0.86729162
132 132 0.42176773
19 20 0.01207850
19 19 0.66187064
19 18 0.00681086
91 91 0.78287881
90 90 0.74524741
40 40 0.91217374
40 39 0.00066848
40 41 0.00110814
40 42 0.00056507
16 16 0.48721321
16 17 0.00109092
16 15 0.00067984
62 64 0.00257214
62 61 0.00109575
62 62 0.59065735
62 63 0.00081884
62 60 0.00518729
75 75 0.74462930
106 107 0.00943136
106 105 0.00652074
106 106 0.84192330
49 46 0.01072946
49 53 0.00153828
49 51 0.02286597
49 49 0.40162448
49 47 0.02049396
49 48 0.02939525
49 52 0.02059682
49 45 0.00284486
49 50 0.03589599
15 15 0.49799928
15 16 0.00067984
10 10 0.70763889
46 44 0.00186265
46 46 0.74534279
46 49 0.01072946
46 47 0.02180455
46 48 0.01478051
46 50 0.00495279
46 45 0.01077980
36 35 0.00204701
36 37 0.00229992
36 36 0.69638287
8 8 0.60021175
103 102 0.00185142
103 104 0.00110528
103 103 0.65877861
122 121 0.01257685
122 123 0.01327779
122 122 0.51512114
93 93 0.67919962
93 94 0.00261169
136 136 0.87963244
121 121 0.51379093
121 120 0.01275446
121 122 0.01257685
86 86 0.69818175
76 76 0.82607467
80 80 0.51210013
29 29 0.61769394
29 28 0.00051574
112 111 0.01067732
112 113 0.01548278
112 112 0.58579665
135 135 0.87482177
113 112 0.01548278
113 114 0.01580182
113 113 0.80528937
89 89 0.67409225
142 142 0.39576722
20 22 0.00055076
20 21 0.01230195
20 20 0.65882908
20 19 0.01207850
124 125 0.01259923
124 124 0.87765058
124 123 0.01331248
96 97 0.00375543
96 95 0.00382432
96 96 0.74322827
61 61 0.96792943
61 59 0.00197728
61 62 0.00109575
61 63 0.00482066
61 60 0.00421462
31 31 0.67102842
92 92 0.60367565
23 22 0.00936612
23 24 0.00676606
23 23 0.96798889
23 21 0.00052344
126 125 0.01343575
126 127 0.01435868
126 126 0.93111184
12 12 0.77833104
22 21 0.01071865
22 20 0.00055076
22 23 0.00936612
22 22 0.96466524
68 68 0.51195034
140 140 0.65503244
114 115 0.01825327
114 114 0.75841566
114 113 0.01580182
123 123 0.90974962
123 122 0.01327779
123 124 0.01331248
118 118 0.65753626
118 117 0.02315181
118 119 0.01774375
130 130 0.36620499
34 35 0.00129167
34 33 0.00124358
34 34 0.69311702
131 131 0.37876861
74 74 0.85684680
6 6 0.64947210
127 128 0.00712164
127 126 0.01435868
127 127 0.64777287
105 106 0.00652074
105 104 0.00144770
105 105 0.86049987
115 116 0.01401683
115 115 0.80774873
115 114 0.01825327
64 64 0.65568551
64 62 0.00257214
64 63 0.00061126
27 26 0.00181591
27 27 0.67297360
27 28 0.00073632
110 109 0.00868463
110 111 0.00132345
110 110 0.49339412
39 40 0.00066848
39 39 0.79409959
39 38 0.00068716
77 77 0.78248026
56 58 0.00105323
56 56 0.75730453
56 52 0.00086606
56 57 0.02858104
56 54 0.01362519
56 55 0.02388997
56 53 0.02168477
100 101 0.00433761
100 99 0.00078347
100 100 0.73948532
99 98 0.00398619
99 99 0.85353124
99 100 0.00078347
72 71 0.00101194
72 72 0.70799825
17 17 0.50616006
17 18 0.00344344
17 16 0.00109092
54 54 0.42947047
54 55 0.02133107
54 53 0.01333035
54 56 0.01362519
54 51 0.06661857
54 50 0.00140335
54 52 0.03051928
54 57 0.00566752
