     0 1105756 977904 1018826 983004 1155618 
1105756      0 949608 1005444 958625 1133439 
977904 949608      0 984182 945269 1094580 
1018826 1005444 984182      0 945458 1133827 
983004 958625 945269 945458      0 1087064 
1155618 1133439 1094580 1133827 1087064      0 
