     0 1103443 1073158 1071084 1101773 1125307 
1103443      0 1043582 1034734 1065269 1103050 
1073158 1043582      0 1018813 1036213 1065954 
1071084 1034734 1018813      0 1038891 1061493 
1101773 1065269 1036213 1038891      0 1096976 
1125307 1103050 1065954 1061493 1096976      0 
