     0 1143804 1156087 1269503 1135378 1130899 
1143804      0 1173402 1291089 1162793 1147260 
1156087 1173402      0 1315652 1201520 1191589 
1269503 1291089 1315652      0 1320179 1298888 
1135378 1162793 1201520 1320179      0 1169217 
1130899 1147260 1191589 1298888 1169217      0 
