     0 417609 451471 407191 458376 407794 
417609      0 707792 699348 782300 716944 
451471 707792      0 804511 752187 709604 
407191 699348 804511      0 750521 704067 
458376 782300 752187 750521      0 771927 
407794 716944 709604 704067 771927      0 
