     0 892836 883701 773854 803737 787847 
892836      0 981255 857265 914332 891827 
883701 981255      0 852688 903207 884710 
773854 857265 852688      0 836695 813689 
803737 914332 903207 836695      0 887681 
787847 891827 884710 813689 887681      0 
