     0 794318 783064 862732 962563 873551 
794318      0 806642 807574 834993 727233 
783064 806642      0 819200 856392 729764 
862732 807574 819200      0 882793 803751 
962563 834993 856392 882793      0 913574 
873551 727233 729764 803751 913574      0 
