     0 1257128 1170853 1137369 1233207 1215172 
1257128      0 1123164 1095045 1193170 1173317 
1170853 1123164      0 1031082 1107209 1086599 
1137369 1095045 1031082      0 1071504 1066286 
1233207 1193170 1107209 1071504      0 1144884 
1215172 1173317 1086599 1066286 1144884      0 
