     0 991555 1043075 1049933 998922 1000372 
991555      0 1069093 1077719 990826 996321 
1043075 1069093      0 1173193 1046708 1051203 
1049933 1077719 1173193      0 1056521 1065946 
998922 990826 1046708 1056521      0 1006952 
1000372 996321 1051203 1065946 1006952      0 
