     0 1159498 1095284 1103857 1090942 1195012 
1159498      0 1090238 1108335 1091781 1196342 
1095284 1090238      0 1064079 1053877 1152753 
1103857 1108335 1064079      0 1058754 1156970 
1090942 1091781 1053877 1058754      0 1151297 
1195012 1196342 1152753 1156970 1151297      0 
