     0 963123 915529 918735 908111 929215 
963123      0 983318 946660 963522 980077 
915529 983318      0 907291 929160 931349 
918735 946660 907291      0 909575 925781 
908111 963522 929160 909575      0 940271 
929215 980077 931349 925781 940271      0 
