     0 468137 640587 588911 621783 590197 
468137      0 688753 637393 706377 531068 
640587 688753      0 852232 868958 789092 
588911 637393 852232      0 825515 791097 
621783 706377 868958 825515      0 811933 
590197 531068 789092 791097 811933      0 
