     0 521970 479219 320314 469362 437297 
521970      0 632593 619183 594459 619677 
479219 632593      0 694208 677109 673660 
320314 619183 694208      0 661066 689424 
469362 594459 677109 661066      0 748509 
437297 619677 673660 689424 748509      0 
