     0 989728 1070267 1057414 1070476 991300 
989728      0 1083149 1053207 996210 966765 
1070267 1083149      0 1152396 1078469 1050625 
1057414 1053207 1152396      0 1062365 996667 
1070476 996210 1078469 1062365      0 1004740 
991300 966765 1050625 996667 1004740      0 
