     0 951703 978724 867277 919484 989384 
951703      0 1002249 903991 932644 1006593 
978724 1002249      0 965432 1006156 1101527 
867277 903991 965432      0 982379 1059712 
919484 932644 1006156 982379      0 1087653 
989384 1006593 1101527 1059712 1087653      0 
