     0 428224 517975 568065 548025 503029 
428224      0 843721 520464 811128 768883 
517975 843721      0 658040 873742 866192 
568065 520464 658040      0 575719 614557 
548025 811128 873742 575719      0 825979 
503029 768883 866192 614557 825979      0 
