     0 834351 785044 778789 738014 831103 
834351      0 927036 871105 865534 890878 
785044 927036      0 836618 843070 851794 
778789 871105 836618      0 862991 877354 
738014 865534 843070 862991      0 869817 
831103 890878 851794 877354 869817      0 
