     0 996113 967395 909931 883540 999393 
996113      0 964237 906941 884425 997847 
967395 964237      0 973414 949254 1060919 
909931 906941 973414      0 961351 1056140 
883540 884425 949254 961351      0 1018573 
999393 997847 1060919 1056140 1018573      0 
