     0 934795 915515 928079 949811 1006872 
934795      0 919873 930416 925455 936045 
915515 919873      0 907260 852103 917040 
928079 930416 907260      0 879461 939487 
949811 925455 852103 879461      0 970873 
1006872 936045 917040 939487 970873      0 
