     0 1078367 948288 973939 1024556 964010 
1078367      0 981820 1019638 1072425 1011124 
948288 981820      0 952907 981547 931582 
973939 1019638 952907      0 1013774 970275 
1024556 1072425 981547 1013774      0 1016267 
964010 1011124 931582 970275 1016267      0 
