     0 1131822 1053790 1062754 1066446 1124001 
1131822      0 1029045 1038575 1034183 1089185 
1053790 1029045      0 1029501 1005865 1074490 
1062754 1038575 1029501      0 1015048 1092476 
1066446 1034183 1005865 1015048      0 1072515 
1124001 1089185 1074490 1092476 1072515      0 
