     0 620289 624616 529719 522659 556342 
620289      0 716410 616505 618456 641998 
624616 716410      0 676251 676318 723164 
529719 616505 676251      0 725727 672456 
522659 618456 676318 725727      0 672211 
556342 641998 723164 672456 672211      0 
