     0 996971 1110112 1110145 1062171 1061212 
996971      0 977433 976165 957738 953775 
1110112 977433      0 1081807 1064231 1064681 
1110145 976165 1081807      0 1040076 1039729 
1062171 957738 1064231 1040076      0 1039911 
1061212 953775 1064681 1039729 1039911      0 
