     0 1078390 1056177 1065166 1176059 1089380 
1078390      0 1071054 1077504 1168640 1094748 
1056177 1071054      0 1047902 1141466 1072195 
1065166 1077504 1047902      0 1141272 1078213 
1176059 1168640 1141466 1141272      0 1184984 
1089380 1094748 1072195 1078213 1184984      0 
