     0 637380 630355 470963 464786 398079 
637380      0 654629 496389 503306 424736 
630355 654629      0 553579 508169 469975 
470963 496389 553579      0 642087 557437 
464786 503306 508169 642087      0 557623 
398079 424736 469975 557437 557623      0 
