     0 375766 432331 407100 373598 319875 
375766      0 566214 573323 522149 581185 
432331 566214      0 783216 676535 710091 
407100 573323 783216      0 683892 728324 
373598 522149 676535 683892      0 729170 
319875 581185 710091 728324 729170      0 
