     0 1048294 1072832 1103069 1095871 1196448 
1048294      0 1127134 1164145 1164133 1238271 
1072832 1127134      0 1186112 1177122 1266045 
1103069 1164145 1186112      0 1208636 1302505 
1095871 1164133 1177122 1208636      0 1302437 
1196448 1238271 1266045 1302505 1302437      0 
