     0 857361 861738 939564 915926 892296 
857361      0 894205 897377 882565 821921 
861738 894205      0 936103 916966 871211 
939564 897377 936103      0 974632 858162 
915926 882565 916966 974632      0 830340 
892296 821921 871211 858162 830340      0 
