     0 1154308 1059461 1110095 1071127 1060026 
1154308      0 1250351 1288294 1207213 1233033 
1059461 1250351      0 1193315 1115965 1154900 
1110095 1288294 1193315      0 1158587 1180455 
1071127 1207213 1115965 1158587      0 1101753 
1060026 1233033 1154900 1180455 1101753      0 
