     0 1106261 1079478 1103262 1209088 1095632 
1106261      0 1007871 1015780 1116505 1001032 
1079478 1007871      0 1065749 1111352 1034454 
1103262 1015780 1065749      0 1130082 1057308 
1209088 1116505 1111352 1130082      0 1126350 
1095632 1001032 1034454 1057308 1126350      0 
