     0 1063757 1130258 1033178 1088155 1114199 
1063757      0 1193154 1122418 1167356 1203408 
1130258 1193154      0 1146137 1214839 1270748 
1033178 1122418 1146137      0 1143422 1166142 
1088155 1167356 1214839 1143422      0 1212419 
1114199 1203408 1270748 1166142 1212419      0 
