     0 1072170 1055288 1117615 1054727 1131265 
1072170      0 1118091 1153126 1064171 1144080 
1055288 1118091      0 1138665 1049630 1139218 
1117615 1153126 1138665      0 1100160 1196351 
1054727 1064171 1049630 1100160      0 1113872 
1131265 1144080 1139218 1196351 1113872      0 
