     0 1046355 1017653 1091643 1015295 1128922 
1046355      0 967014 1101844 1045554 1121808 
1017653 967014      0 1034949 995620 1108159 
1091643 1101844 1034949      0 1101777 1182838 
1015295 1045554 995620 1101777      0 1129002 
1128922 1121808 1108159 1182838 1129002      0 
