     0 975183 928128 1005245 932724 924034 
975183      0 944490 997714 918768 902477 
928128 944490      0 964245 892647 880780 
1005245 997714 964245      0 973540 964016 
932724 918768 892647 973540      0 907181 
924034 902477 880780 964016 907181      0 
