     0 1033046 1052303 1069953 1056587 1106547 
1033046      0 1061629 1094148 1031592 1088785 
1052303 1061629      0 1100724 1058745 1106526 
1069953 1094148 1100724      0 1074707 1136551 
1056587 1031592 1058745 1074707      0 1111031 
1106547 1088785 1106526 1136551 1111031      0 
