     0 1254936 1073992 1081731 1124366 1112409 
1254936      0 1048189 1081793 1119765 1101926 
1073992 1048189      0 991870 1028377 1020905 
1081731 1081793 991870      0 1039423 1018325 
1124366 1119765 1028377 1039423      0 1069659 
1112409 1101926 1020905 1018325 1069659      0 
