     0 906487 911682 816794 805674 895353 
906487      0 1041602 936110 973436 981635 
911682 1041602      0 922946 965519 974798 
816794 936110 922946      0 905088 885116 
805674 973436 965519 905088      0 929381 
895353 981635 974798 885116 929381      0 
