     0 975189 1027886 1018759 1022888 993752 
975189      0 958313 949636 960822 939511 
1027886 958313      0 1031956 1001490 987101 
1018759 949636 1031956      0 1058883 1009838 
1022888 960822 1001490 1058883      0 1048354 
993752 939511 987101 1009838 1048354      0 
