     0 1087656 1018269 1012222 1021099 874775 
1087656      0 1134944 1137121 1150718 1051496 
1018269 1134944      0 1040327 1086021 906787 
1012222 1137121 1040327      0 1052462 958794 
1021099 1150718 1086021 1052462      0 940268 
874775 1051496 906787 958794 940268      0 
