     0 585514 676514 622162 741063 706071 
585514      0 690347 668073 603526 570614 
676514 690347      0 698057 676902 647637 
622162 668073 698057      0 638727 590566 
741063 603526 676902 638727      0 705645 
706071 570614 647637 590566 705645      0 
