     0 1227299 1252456 1242232 1281631 1311316 
1227299      0 1243705 1250111 1282695 1319456 
1252456 1243705      0 1282197 1309240 1341265 
1242232 1250111 1282197      0 1321260 1337262 
1281631 1282695 1309240 1321260      0 1372181 
1311316 1319456 1341265 1337262 1372181      0 
