     0 874889 902161 910118 874659 897849 
874889      0 967626 934498 846248 916466 
902161 967626      0 1020507 848868 933730 
910118 934498 1020507      0 874013 914203 
874659 846248 848868 874013      0 880190 
897849 916466 933730 914203 880190      0 
