     0 899652 967129 1044132 1007163 1073074 
899652      0 918436 977615 946025 975251 
967129 918436      0 985431 987625 1020611 
1044132 977615 985431      0 1038260 1117875 
1007163 946025 987625 1038260      0 1062204 
1073074 975251 1020611 1117875 1062204      0 
