     0 700164 724496 724445 699642 727259 
700164      0 866734 967933 868327 868892 
724496 866734      0 916781 782423 827800 
724445 967933 916781      0 905679 930686 
699642 868327 782423 905679      0 877505 
727259 868892 827800 930686 877505      0 
