     0 920659 891639 884524 930273 900875 
920659      0 894456 889792 986286 888402 
891639 894456      0 954948 967098 935109 
884524 889792 954948      0 963453 930726 
930273 986286 967098 963453      0 987837 
900875 888402 935109 930726 987837      0 
