     0 1056434 1071472 988341 1031828 1141416 
1056434      0 1177804 1068591 1100534 1235559 
1071472 1177804      0 1085270 1116706 1245563 
988341 1068591 1085270      0 1028941 1145503 
1031828 1100534 1116706 1028941      0 1176153 
1141416 1235559 1245563 1145503 1176153      0 
