     0 1217049 1154893 1146859 1131590 1162023 
1217049      0 1114283 1103644 1091723 1130173 
1154893 1114283      0 1040933 1025882 1051121 
1146859 1103644 1040933      0 1034105 1060287 
1131590 1091723 1025882 1034105      0 1043677 
1162023 1130173 1051121 1060287 1043677      0 
